0	1.53744e-12
0.010101	2.56617e-12
0.020202	4.2617e-12
0.030303	7.04237e-12
0.040404	1.15791e-11
0.0505051	1.89434e-11
0.0606061	3.08369e-11
0.0707071	4.99472e-11
0.0808081	8.04973e-11
0.0909091	1.29087e-10
0.10101	2.05975e-10
0.111111	3.27024e-10
0.121212	5.16628e-10
0.131313	8.12103e-10
0.141414	1.27022e-09
0.151515	1.9769e-09
0.161616	3.06145e-09
0.171717	4.71746e-09
0.181818	7.23318e-09
0.191919	1.10355e-08
0.20202	1.67531e-08
0.212121	2.53072e-08
0.222222	3.80396e-08
0.232323	5.68951e-08
0.242424	8.46762e-08
0.252525	1.254e-07
0.262626	1.84792e-07
0.272727	2.7097e-07
0.282828	3.95378e-07
0.292929	5.74062e-07
0.30303	8.29397e-07
0.313131	1.19241e-06
0.323232	1.70588e-06
0.333333	2.42847e-06
0.343434	3.44018e-06
0.353535	4.8495e-06
0.363636	6.80269e-06
0.373737	9.49587e-06
0.383838	1.31905e-05
0.393939	1.82332e-05
0.40404	2.50809e-05
0.414141	3.43322e-05
0.424242	4.67674e-05
0.434343	6.33971e-05
0.444444	8.55232e-05
0.454545	0.000114812
0.464646	0.000153387
0.474747	0.000203931
0.484848	0.000269823
0.494949	0.000355286
0.505051	0.00046557
0.515152	0.000607158
0.525253	0.000788012
0.535354	0.00101785
0.545455	0.00130844
0.555556	0.00167399
0.565657	0.00213149
0.575758	0.00270115
0.585859	0.00340687
0.59596	0.0042767
0.606061	0.00534333
0.616162	0.00664466
0.626263	0.00822425
0.636364	0.0101318
0.646465	0.0124238
0.656566	0.0151636
0.666667	0.0184221
0.676768	0.0222778
0.686869	0.0268169
0.69697	0.0321334
0.707071	0.0383286
0.717172	0.0455113
0.727273	0.0537963
0.737374	0.0633043
0.747475	0.0741603
0.757576	0.0864923
0.767677	0.10043
0.777778	0.116102
0.787879	0.133634
0.79798	0.153148
0.808081	0.174758
0.818182	0.198566
0.828283	0.224662
0.838384	0.253122
0.848485	0.284001
0.858586	0.317335
0.868687	0.353136
0.878788	0.39139
0.888889	0.432058
0.89899	0.475073
0.909091	0.520338
0.919192	0.567729
0.929293	0.617093
0.939394	0.668251
0.949495	0.720999
0.959596	0.775108
0.969697	0.830333
0.979798	0.886409
0.989899	0.94306
1	1
