0	0
0.010101	0.00150573
0.020202	0.00301059
0.030303	0.00451369
0.040404	0.00601415
0.0505051	0.00751112
0.0606061	0.00900369
0.0707071	0.010491
0.0808081	0.0119722
0.0909091	0.0134463
0.10101	0.0149125
0.111111	0.01637
0.121212	0.0178178
0.131313	0.019255
0.141414	0.0206808
0.151515	0.0220943
0.161616	0.0234946
0.171717	0.0248808
0.181818	0.026252
0.191919	0.0276073
0.20202	0.0289459
0.212121	0.0302668
0.222222	0.0315691
0.232323	0.032852
0.242424	0.0341146
0.252525	0.0353559
0.262626	0.036575
0.272727	0.0377711
0.282828	0.0389432
0.292929	0.0400904
0.30303	0.0412118
0.313131	0.0423065
0.323232	0.0433736
0.333333	0.0444121
0.343434	0.0454212
0.353535	0.0463998
0.363636	0.0473471
0.373737	0.0482621
0.383838	0.0491439
0.393939	0.0499916
0.40404	0.0508042
0.414141	0.0515807
0.424242	0.0523202
0.434343	0.0530218
0.444444	0.0536845
0.454545	0.0543073
0.464646	0.0548893
0.474747	0.0554295
0.484848	0.0559268
0.494949	0.0563805
0.505051	0.0567893
0.515152	0.0571525
0.525253	0.0574689
0.535354	0.0577376
0.545455	0.0579575
0.555556	0.0581277
0.565657	0.0582472
0.575758	0.0583149
0.585859	0.0583297
0.59596	0.0582908
0.606061	0.058197
0.616162	0.0580473
0.626263	0.0578407
0.636364	0.057576
0.646465	0.0572523
0.656566	0.0568685
0.666667	0.0564235
0.676768	0.0559163
0.686869	0.0553457
0.69697	0.0547106
0.707071	0.05401
0.717172	0.0532428
0.727273	0.0524079
0.737374	0.0515041
0.747475	0.0505303
0.757576	0.0494854
0.767677	0.0483683
0.777778	0.0471777
0.787879	0.0459126
0.79798	0.0445719
0.808081	0.0431542
0.818182	0.0416585
0.828283	0.0400836
0.838384	0.0384282
0.848485	0.0366913
0.858586	0.0348715
0.868687	0.0329676
0.878788	0.0309785
0.888889	0.0289029
0.89899	0.0267395
0.909091	0.0244872
0.919192	0.0221445
0.929293	0.0197104
0.939394	0.0171835
0.949495	0.0145624
0.959596	0.011846
0.969697	0.00903284
0.979798	0.00612168
0.989899	0.00311118
1	0
