0	0
0.010101	-0.00999898
0.020202	-0.0197939
0.030303	-0.0293848
0.040404	-0.0387716
0.0505051	-0.0479543
0.0606061	-0.056933
0.0707071	-0.0657076
0.0808081	-0.0742781
0.0909091	-0.0826446
0.10101	-0.0908071
0.111111	-0.0987654
0.121212	-0.10652
0.131313	-0.11407
0.141414	-0.121416
0.151515	-0.128558
0.161616	-0.135496
0.171717	-0.14223
0.181818	-0.14876
0.191919	-0.155086
0.20202	-0.161208
0.212121	-0.167126
0.222222	-0.17284
0.232323	-0.178349
0.242424	-0.183655
0.252525	-0.188756
0.262626	-0.193654
0.272727	-0.198347
0.282828	-0.202836
0.292929	-0.207122
0.30303	-0.211203
0.313131	-0.21508
0.323232	-0.218753
0.333333	-0.222222
0.343434	-0.225487
0.353535	-0.228548
0.363636	-0.231405
0.373737	-0.234058
0.383838	-0.236506
0.393939	-0.238751
0.40404	-0.240792
0.414141	-0.242628
0.424242	-0.244261
0.434343	-0.245689
0.444444	-0.246914
0.454545	-0.247934
0.464646	-0.24875
0.474747	-0.249362
0.484848	-0.24977
0.494949	-0.249974
0.505051	-0.249974
0.515152	-0.24977
0.525253	-0.249362
0.535354	-0.24875
0.545455	-0.247934
0.555556	-0.246914
0.565657	-0.245689
0.575758	-0.244261
0.585859	-0.242628
0.59596	-0.240792
0.606061	-0.238751
0.616162	-0.236506
0.626263	-0.234058
0.636364	-0.231405
0.646465	-0.228548
0.656566	-0.225487
0.666667	-0.222222
0.676768	-0.218753
0.686869	-0.21508
0.69697	-0.211203
0.707071	-0.207122
0.717172	-0.202836
0.727273	-0.198347
0.737374	-0.193654
0.747475	-0.188756
0.757576	-0.183655
0.767677	-0.178349
0.777778	-0.17284
0.787879	-0.167126
0.79798	-0.161208
0.808081	-0.155086
0.818182	-0.14876
0.828283	-0.14223
0.838384	-0.135496
0.848485	-0.128558
0.858586	-0.121416
0.868687	-0.11407
0.878788	-0.10652
0.888889	-0.0987654
0.89899	-0.0908071
0.909091	-0.0826446
0.919192	-0.0742781
0.929293	-0.0657076
0.939394	-0.056933
0.949495	-0.0479543
0.959596	-0.0387716
0.969697	-0.0293848
0.979798	-0.0197939
0.989899	-0.00999898
1	0
